27 bd ff e8 af be 00 14  03 a0 f0 25 00 80 40 25
00 c0 20 25 00 e0 18 25  8f c2 00 28 a3 c8 00 18
a3 c5 00 1c a3 c4 00 20  a3 c3 00 24 a3 c2 00 04
83 c3 00 18 83 c4 00 1c  83 c5 00 18 83 c2 00 20
00 a2 10 21 70 82 10 02  00 62 18 21 83 c4 00 24
83 c2 00 04 70 82 10 02  00 62 18 23 83 c2 00 04
00 62 10 21 83 c4 00 18  83 c3 00 20 00 60 01 f4
00 83 00 1a 00 00 18 10  00 00 18 12 00 43 18 23
83 c2 00 1c 00 62 10 21  8f c3 00 0c 00 62 10 21
af c2 00 0c 00 00 00 00  03 c0 e8 25 8f be 00 14
27 bd 00 18 03 e0 00 08  00 00 00 00 00 00 00 00