03 e0 00 25 04 11 00 01  00 00 00 00 3c 1c 00 42
27 9c 90 10 00 00 f8 25  8f 84 80 18 8f a5 00 00
27 a6 00 04 24 01 ff f8  03 a1 e8 24 27 bd ff e0
8f 87 80 1c 8f 88 80 20  af a8 00 10 af a2 00 14
af bd 00 18 8f 99 80 44  03 20 f8 09 00 00 00 00
10 00 ff ff 00 00 00 00  00 00 00 00 00 00 00 00
3c 04 00 41 3c 02 00 41  24 84 10 14 24 42 10 17
00 44 10 23 2c 42 00 07  14 40 00 07 3c 1c 00 42
27 9c 90 10 8f 99 80 4c  13 20 00 03 00 00 00 00
03 20 00 08 00 00 00 00  03 e0 00 08 00 00 00 00
3c 04 00 41 3c 02 00 41  24 84 10 14 24 42 10 14
00 44 10 23 00 02 10 83  00 02 2f c2 00 a2 28 21
00 05 28 43 10 a0 00 07  3c 1c 00 42 27 9c 90 10
8f 99 80 3c 13 20 00 03  00 00 00 00 03 20 00 08
00 00 00 00 03 e0 00 08  00 00 00 00 27 bd ff d0
af b3 00 28 3c 13 00 41  af bf 00 2c af b2 00 24
af b1 00 20 af b0 00 1c  92 62 10 70 14 40 00 1c
3c 11 00 41 3c 02 00 41  26 31 0f f4 24 42 0f f8
3c 10 00 41 00 51 88 23  3c 02 00 41 00 11 88 83
24 52 0f f4 8e 02 10 74  26 31 ff ff 00 51 18 2b
10 60 00 0b 24 42 00 01  00 02 18 80 ae 02 10 74
02 43 10 21 8c 59 00 00  03 20 f8 09 00 00 00 00
8e 02 10 74 00 51 18 2b  14 60 ff f7 24 42 00 01
0c 10 01 80 00 00 00 00  24 02 00 01 a2 62 10 70
8f bf 00 2c 8f b3 00 28  8f b2 00 24 8f b1 00 20
8f b0 00 1c 03 e0 00 08  27 bd 00 30 3c 02 00 41
24 44 0f fc 8c 82 00 00  14 40 00 03 3c 1c 00 42
08 10 01 90 00 00 00 00  27 bd ff e0 27 9c 90 10
af bf 00 1c af bc 00 10  8f 99 80 40 13 20 00 05
8f bf 00 1c 03 20 f8 09  00 00 00 00 8f bc 00 10
8f bf 00 1c 08 10 01 90  27 bd 00 20 00 00 00 00
27 bd ff f8 af be 00 04  03 a0 f0 25 af c4 00 08
af c5 00 0c 8f c3 00 08  8f c2 00 0c 00 62 10 21
03 c0 e8 25 8f be 00 04  27 bd 00 08 03 e0 00 08
00 00 00 00 27 bd ff d0  af bf 00 2c af be 00 28
03 a0 f0 25 24 02 00 04  af c2 00 1c 24 02 00 05
af c2 00 20 8f c5 00 20  8f c4 00 1c 0c 10 01 e4
00 00 00 00 af c2 00 24  00 00 10 25 03 c0 e8 25
8f bf 00 2c 8f be 00 28  27 bd 00 30 03 e0 00 08